[info]
title=Butterfly Collecting
par=5
hint=Use Junkbot to attract the eyebots into the cups and then box them in.  Block the eyebots left on the sides.


[background]
backdrop=bkg3
decals=239;332;door,302;100;door,474;327;word_danger,475;360;safetystrip_horiz
decals=205;125;safetystrip_horiz,227;276;lite_number_4,430;228;A1_web
decals=89;203;A1_web
bgdecals=


[playfield]
size=35,22
spacing=15,18
scale=1


[partslist]
types=BLOCK01,BLOCK02,HAZ_FLOAT,BRICK_02,BRICK_01,HAZ_SLICKTELEPORT
types=BRICK_06,BRICK_04,BRICK_08,BRICK_03,MINIFIG,flag
colors=GRAY,blue,red
parts=28;4;3;1;inactive;1;0,1;8;4;1;0;0;0,34;8;4;1;0;0;0,3;10;5;1;0;0;0
parts=3;12;5;1;0;0;0,5;14;5;1;0;0;0,32;10;5;1;0;0;0,7;14;5;1;0;0;0
parts=9;12;5;1;0;0;0,9;10;5;1;0;0;0,10;8;4;1;0;0;0,12;8;6;1;on;1;tele1
parts=16;8;7;1;0;0;0,22;8;8;1;0;0;0,26;10;5;1;0;0;0,26;12;5;1;0;0;0
parts=32;12;5;1;0;0;0,28;14;5;1;0;0;0,30;14;5;1;0;0;0,1;21;9;1;0;0;0
parts=9;21;4;1;0;0;0,11;21;4;1;0;0;0,13;21;4;1;0;0;0,15;21;4;1;0;0;0
parts=26;21;4;1;0;0;0,24;21;4;1;0;0;0,22;21;4;1;0;0;0,20;21;4;1;0;0;0
parts=17;21;10;1;0;0;0,1;22;5;1;0;0;0,2;22;5;1;0;0;0,3;22;5;1;0;0;0
parts=4;22;5;1;0;0;0,5;22;5;1;0;0;0,6;22;5;1;0;0;0,7;22;5;1;0;0;0
parts=8;22;5;1;0;0;0,9;22;5;1;0;0;0,10;22;5;1;0;0;0,11;22;5;1;0;0;0
parts=12;22;5;1;0;0;0,13;22;5;1;0;0;0,14;22;5;1;0;0;0,18;22;5;1;0;0;0
parts=19;22;5;1;0;0;0,20;22;5;1;0;0;0,22;22;5;1;0;0;0,23;22;5;1;0;0;0
parts=25;22;5;1;0;0;0,27;22;5;1;0;0;0,28;22;5;1;0;0;0,35;22;5;1;0;0;0
parts=34;22;5;1;0;0;0,33;22;5;1;0;0;0,32;22;5;1;0;0;0,31;22;5;1;0;0;0
parts=29;22;5;1;0;0;0,26;22;5;1;0;0;0,30;22;5;1;0;0;0,24;22;5;1;0;0;0
parts=21;22;5;1;0;0;0,17;22;5;1;0;0;0,16;22;5;1;0;0;0,15;22;5;1;0;0;0
parts=11;19;10;3;0;0;0,15;20;11;1;WALK_R;1;0,30;21;6;3;on;1;tele1
parts=28;21;4;1;0;0;0,34;21;4;1;0;0;0,3;6;3;1;inactive;1;0,32;6;3;1;inactive;1;0
parts=15;5;3;1;inactive;1;0,12;18;4;3;0;0;0,9;2;3;1;inactive;1;0
parts=22;7;12;1;None;0;0,8;20;7;3;0;0;0,19;20;7;3;0;0;0,19;19;10;3;0;0;0
parts=19;18;4;3;0;0;0


