[info]
title=Climate Control
par=12
hint=Don't push the second crate over the fan; have Junkbot walk over it instead.


[background]
backdrop=bkg1
decals=417;269;sign_keepout,497;222;A1_web,512;277;fusebox_pipes_r
decals=434;137;door,497;139;computer2dial,157;325;arrowu,263;326;arrowu
decals=368;328;arrowu
bgdecals=446;300;A1_bkg_3,137;128;A1_bkg_4


[playfield]
size=35,22
spacing=15,18
scale=1


[partslist]
types=BLOCK01,BLOCK02,BRICK_03,BRICK_08,BRICK_01,HAZ_SLICKFAN
types=HAZ_SLICKCRATE,BRICK_06,BRICK_04,MINIFIG,flag,BRICK_02
colors=GRAY,blue,white,red
parts=13;20;3;1;0;0;0,13;19;3;1;0;0;0,13;18;3;1;0;0;0,13;13;3;1;0;0;0
parts=13;11;3;1;0;0;0,13;12;3;1;0;0;0,13;10;3;1;0;0;0,6;11;3;1;0;0;0
parts=6;12;3;1;0;0;0,6;18;3;1;0;0;0,6;19;3;1;0;0;0,6;20;3;1;0;0;0
parts=20;10;3;1;0;0;0,20;11;3;1;0;0;0,20;12;3;1;0;0;0,20;13;3;1;0;0;0
parts=20;18;3;1;0;0;0,20;19;3;1;0;0;0,20;20;3;1;0;0;0,27;20;3;1;0;0;0
parts=27;19;3;1;0;0;0,27;18;3;1;0;0;0,27;11;3;1;0;0;0,27;10;4;1;0;0;0
parts=6;13;3;1;0;0;0,35;10;5;1;0;0;0,9;21;6;1;on;1;switch1,16;21;6;1;on;1;switch1
parts=13;9;7;1;norm;0;0,30;20;8;1;0;0;0,2;20;9;1;0;0;0,1;20;5;1;0;0;0
parts=3;9;10;1;WALK_R;1;0,6;17;3;1;0;0;0,6;16;3;1;0;0;0,6;15;3;1;0;0;0
parts=6;14;3;1;0;0;0,6;10;3;1;0;0;0,1;10;3;1;0;0;0,32;9;11;1;None;0;0
parts=20;9;7;1;norm;0;0,13;21;3;1;0;0;0,1;21;4;1;0;0;0,28;21;4;1;0;0;0
parts=2;19;3;2;0;0;0,20;17;3;1;0;0;0,20;16;3;1;0;0;0,20;15;3;1;0;0;0
parts=20;14;3;1;0;0;0,23;21;6;1;on;1;switch1,32;19;11;1;None;0;0
parts=13;14;3;1;0;0;0,13;15;3;1;0;0;0,13;16;3;1;0;0;0,13;17;3;1;0;0;0
parts=20;21;3;1;0;0;0,27;21;5;1;0;0;0,2;18;3;3;0;0;0,2;17;3;2;0;0;0
parts=2;16;3;3;0;0;0,2;15;3;2;0;0;0,2;14;3;3;0;0;0,2;13;3;2;0;0;0
parts=2;12;3;3;0;0;0,1;1;4;1;0;0;0,9;1;4;1;0;0;0,17;1;4;1;0;0;0
parts=28;1;4;1;0;0;0,25;1;3;1;0;0;0,32;5;9;1;0;0;0,34;4;12;4;0;0;0
parts=32;4;12;4;0;0;0,33;3;12;4;0;0;0


