[info]
title=Hunt and Gather
par=7
hint=Block the cans on the second ledges and use the jump to pick them up.


[background]
backdrop=bkg4
decals=483;124;A4_panel_lg,56;123;A4_panel_lg,286;118;A4_panel_5
bgdecals=


[playfield]
size=35,22
spacing=15,18
scale=1


[partslist]
types=BLOCK01,BLOCK02,BRICK_04,BRICK_06,BRICK_SLICKJUMP,BRICK_01
types=BRICK_08,BRICK_03,BRICK_02,MINIFIG,SCAREDY
colors=GRAY,blue,YELLOW
parts=7;22;3;1;0;0;0,11;22;4;1;0;0;0,21;22;4;1;0;0;0,17;22;3;1;0;0;0
parts=21;21;5;3;dormant;1;0,15;21;5;3;dormant;1;0,1;22;4;1;0;0;0
parts=31;22;3;1;0;0;0,35;22;6;1;0;0;0,27;22;3;1;0;0;0,11;14;3;3;0;0;0
parts=28;1;7;1;0;0;0,1;1;7;1;0;0;0,1;2;6;1;0;0;0,1;4;6;1;0;0;0
parts=1;3;6;1;0;0;0,1;5;6;1;0;0;0,1;6;6;1;0;0;0,1;7;6;1;0;0;0
parts=1;8;6;1;0;0;0,1;9;6;1;0;0;0,1;10;6;1;0;0;0,1;11;6;1;0;0;0
parts=1;12;6;1;0;0;0,1;13;6;1;0;0;0,1;14;6;1;0;0;0,1;15;6;1;0;0;0
parts=1;16;6;1;0;0;0,1;17;6;1;0;0;0,1;18;6;1;0;0;0,1;19;6;1;0;0;0
parts=1;20;6;1;0;0;0,1;21;6;1;0;0;0,35;2;6;1;0;0;0,35;3;6;1;0;0;0
parts=35;4;6;1;0;0;0,35;6;6;1;0;0;0,35;5;6;1;0;0;0,35;7;6;1;0;0;0
parts=35;9;6;1;0;0;0,35;8;6;1;0;0;0,35;10;6;1;0;0;0,35;12;6;1;0;0;0
parts=35;11;6;1;0;0;0,35;13;6;1;0;0;0,35;14;6;1;0;0;0,35;15;6;1;0;0;0
parts=35;16;6;1;0;0;0,35;17;6;1;0;0;0,35;19;6;1;0;0;0,35;18;6;1;0;0;0
parts=35;20;6;1;0;0;0,35;21;6;1;0;0;0,24;13;3;1;0;0;0,24;14;3;3;0;0;0
parts=11;13;3;1;0;0;0,28;17;3;1;0;0;0,28;18;3;3;0;0;0,7;18;3;3;0;0;0
parts=7;17;3;1;0;0;0,18;9;8;1;0;0;0,21;9;9;1;0;0;0,16;9;9;1;0;0;0
parts=19;8;10;1;WALK_R;1;0,16;8;11;1;REST;1;0,21;8;11;1;REST;1;0
parts=20;2;3;3;0;0;0,19;2;6;3;0;0;0,19;3;6;3;0;0;0,15;2;3;3;0;0;0
parts=18;1;8;1;0;0;0


