[info]
title=plant storage
par=2
hint=Push the crates up to the ledge and then move the stairs to reach the can.


[background]
backdrop=bkg1
decals=54;351;door,495;348;A1_web,451;250;A1_pipebox
bgdecals=308;368;A1_bkg_4,111;77;A1_bkg_1,517;260;A1_bkg_3


[playfield]
size=35,22
spacing=15,18
scale=1


[partslist]
types=BLOCK01,BLOCK02,BRICK_08,BRICK_03,MINIFIG,flag,HAZ_SLICKCRATE
types=BRICK_01,BRICK_02
colors=GRAY,blue,green
parts=1;22;3;1;0;0;0,9;22;3;1;0;0;0,28;22;3;1;0;0;0,20;22;3;1;0;0;0
parts=17;22;4;1;0;0;0,5;21;5;1;WALK_R;1;0,28;17;3;1;0;0;0,33;16;6;1;None;0;0
parts=17;21;7;3;norm;0;0,17;19;7;1;norm;0;0,30;18;8;1;0;0;0,1;10;3;1;0;0;0
parts=28;10;3;1;0;0;0,14;10;3;1;0;0;0,4;9;9;2;0;0;0,3;8;9;2;0;0;0
parts=5;8;9;2;0;0;0,4;7;9;3;0;0;0,5;6;9;3;0;0;0,6;5;9;3;0;0;0
parts=3;6;9;3;0;0;0,3;5;8;3;0;0;0,6;4;8;3;0;0;0,17;9;9;2;0;0;0
parts=16;8;9;2;0;0;0,18;8;9;2;0;0;0,31;9;9;2;0;0;0,30;8;9;2;0;0;0
parts=32;8;9;2;0;0;0,31;7;9;3;0;0;0,30;6;9;3;0;0;0,30;5;8;3;0;0;0
parts=32;6;9;3;0;0;0,32;5;8;3;0;0;0,32;4;9;3;0;0;0,11;21;9;2;0;0;0
parts=12;20;9;2;0;0;0,11;18;9;3;0;0;0,10;17;9;3;0;0;0,10;16;8;3;0;0;0
parts=12;17;9;3;0;0;0,12;16;8;3;0;0;0,12;15;9;3;0;0;0,12;14;8;3;0;0;0
parts=10;20;9;2;0;0;0,11;19;9;3;0;0;0,18;7;9;3;0;0;0,19;6;9;3;0;0;0
parts=20;5;9;3;0;0;0,17;7;8;3;0;0;0,16;6;9;3;0;0;0,17;5;8;3;0;0;0
parts=17;4;9;3;0;0;0,17;3;8;3;0;0;0


