[info]
title=Pump Room 17
par=3
hint=Take clumps of bricks at a time to save moves.


[background]
backdrop=bkg1
decals=424;313;sign_skull,117;315;sign_skull,493;258;A1_web,263;362;A1_vent
bgdecals=209;382;A1_bkg_2,392;301;A1_bkg_2


[playfield]
size=35,22
spacing=15,18
scale=1


[partslist]
types=BLOCK01,BLOCK02,BRICK_01,BRICK_08,BRICK_04,HAZ_CLIMBER,BRICK_06
types=BRICK_02,MINIFIG,flag,BRICK_03
colors=GRAY,blue,green,YELLOW
parts=27;22;3;1;0;0;0,19;22;4;1;0;0;0,10;22;4;1;0;0;0,9;22;3;1;0;0;0
parts=1;22;4;1;0;0;0,28;22;4;1;0;0;0,6;13;5;3;0;0;0,2;16;6;1;WALK_R;1;0
parts=1;17;5;1;0;0;0,1;18;7;1;0;0;0,1;19;4;1;0;0;0,1;20;8;1;0;0;0
parts=3;20;4;1;0;0;0,1;21;5;1;0;0;0,5;21;4;1;0;0;0,34;16;6;1;WALK_R;1;0
parts=32;17;5;1;0;0;0,30;18;7;1;0;0;0,28;19;4;1;0;0;0,34;20;8;1;0;0;0
parts=32;21;5;1;0;0;0,24;21;4;1;0;0;0,26;20;4;1;0;0;0,2;11;9;1;WALK_R;1;0
parts=1;12;7;1;0;0;0,12;12;5;1;0;0;0,21;12;5;1;0;0;0,18;11;5;4;0;0;0
parts=34;11;10;1;None;0;0,30;12;7;1;0;0;0,1;1;4;1;0;0;0,9;1;3;1;0;0;0
parts=10;1;4;1;0;0;0,18;1;3;1;0;0;0,19;1;4;1;0;0;0,27;1;3;1;0;0;0
parts=28;1;4;1;0;0;0,26;2;5;3;0;0;0,20;2;7;4;0;0;0,17;2;11;3;0;0;0
parts=11;2;7;4;0;0;0,7;2;5;3;0;0;0,28;3;5;4;0;0;0,3;2;5;3;0;0;0
parts=30;2;5;3;0;0;0,14;3;5;3;0;0;0,19;3;5;3;0;0;0,5;3;5;4;0;0;0
parts=18;22;3;1;0;0;0


