[info]
title=sunken treasure
par=14
hint=Trap the eyebot on the far left and use the shields to protect against the fire.


[background]
backdrop=bkg4
decals=391;215;A4_panel_4,118;86;A4_panel_3,71;86;A4_panel_3
bgdecals=


[playfield]
size=35,22
spacing=15,18
scale=1


[partslist]
types=BLOCK01,BLOCK02,BRICK_08,BRICK_03,BRICK_04,BRICK_02,BRICK_01
types=BRICK_06,flag,HAZ_SLICKFIRE,MINIFIG,HAZ_FLOAT,BRICK_SLICKSHIELD
colors=GRAY,blue,red
parts=1;22;3;1;0;0;0,9;22;3;1;0;0;0,17;22;3;1;0;0;0,25;22;3;1;0;0;0
parts=33;22;4;1;0;0;0,9;21;4;2;0;0;0,19;21;4;2;0;0;0,12;21;5;2;0;0;0
parts=24;21;5;2;0;0;0,17;21;6;2;0;0;0,4;21;6;2;0;0;0,6;21;7;2;0;0;0
parts=16;21;7;2;0;0;0,28;21;7;2;0;0;0,29;21;8;2;0;0;0,1;21;4;2;0;0;0
parts=35;21;7;2;0;0;0,2;20;3;2;0;0;0,21;20;3;2;0;0;0,17;20;5;2;0;0;0
parts=11;20;5;2;0;0;0,31;20;5;2;0;0;0,29;20;6;2;0;0;0,15;20;6;2;0;0;0
parts=10;20;7;2;0;0;0,35;20;7;2;0;0;0,1;20;7;2;0;0;0,8;19;3;2;0;0;0
parts=27;19;5;2;0;0;0,1;19;5;2;0;0;0,5;19;4;2;0;0;0,31;19;4;2;0;0;0
parts=25;19;6;2;0;0;0,34;19;6;2;0;0;0,26;14;3;1;0;0;0,30;13;9;1;None;0;0
parts=19;14;4;1;0;0;0,22;14;10;1;on;1;switch1,31;9;6;1;0;0;0,30;8;6;1;0;0;0
parts=29;7;6;1;0;0;0,28;6;6;1;0;0;0,20;9;6;1;0;0;0,21;8;6;1;0;0;0
parts=22;7;6;1;0;0;0,23;6;6;1;0;0;0,24;5;6;1;0;0;0,27;5;6;1;0;0;0
parts=25;4;6;1;0;0;0,27;4;7;1;0;0;0,26;3;7;1;0;0;0,24;9;7;1;0;0;0
parts=26;9;7;1;0;0;0,28;9;7;1;0;0;0,26;7;7;1;0;0;0,9;18;11;1;WALK_R;1;0
parts=19;10;6;3;0;0;0,32;10;6;3;0;0;0,16;19;3;2;0;0;0,24;19;7;2;0;0;0
parts=24;12;12;2;inactive;1;0,19;11;7;3;0;0;0,33;11;7;3;0;0;0
parts=7;21;13;2;on;1;0,22;21;6;2;0;0;0


