[info]
title=The Chamber of Death
par=20
hint=Block the switches as you go up, but don't worry about the last one: it's a dud.


[background]
backdrop=bkg1
decals=455;332;sign_skull,81;206;sign_skull,480;225;A1_web,457;114;sign_skull
bgdecals=164;340;A1_bkg_3,340;36;A1_bkg_1,164;380;A1_bkg_3,114;381;A1_bkg_2
bgdecals=433;101;A1_bkg_3


[playfield]
size=35,22
spacing=15,18
scale=1


[partslist]
types=BLOCK01,BLOCK02,BRICK_08,BRICK_03,BRICK_01,HAZ_SLICKSWITCH
types=BRICK_02,BRICK_04,BRICK_06,flag,haz_slickLaser_R,MINIFIG
types=HAZ_SLICKLASER_L
colors=GRAY,blue,white
parts=1;22;3;1;0;0;0,28;22;3;1;0;0;0,9;22;3;1;0;0;0,17;22;4;1;0;0;0
parts=35;20;5;1;0;0;0,35;21;5;1;0;0;0,35;17;5;1;0;0;0,35;16;5;1;0;0;0
parts=1;15;3;1;0;0;0,28;10;3;1;0;0;0,1;14;5;1;0;0;0,1;13;5;1;0;0;0
parts=1;10;5;1;0;0;0,1;9;5;1;0;0;0,35;15;5;1;0;0;0,35;14;5;1;0;0;0
parts=35;13;5;1;0;0;0,35;12;5;1;0;0;0,35;11;5;1;0;0;0,1;8;5;1;0;0;0
parts=1;7;5;1;0;0;0,30;21;6;1;off;1;switch1,1;6;5;1;0;0;0,1;5;5;1;0;0;0
parts=1;4;5;1;0;0;0,1;3;5;1;0;0;0,1;2;5;1;0;0;0,1;1;3;1;0;0;0
parts=9;1;3;1;0;0;0,28;1;3;1;0;0;0,20;1;3;1;0;0;0,17;1;4;1;0;0;0
parts=14;11;7;1;0;0;0,21;11;7;1;0;0;0,13;10;8;3;0;0;0,20;10;8;3;0;0;0
parts=13;12;8;3;0;0;0,20;12;8;3;0;0;0,16;11;7;3;0;0;0,19;11;7;3;0;0;0
parts=18;11;5;3;0;0;0,17;10;4;3;0;0;0,20;14;7;3;0;0;0,15;14;7;3;0;0;0
parts=14;13;5;3;0;0;0,22;13;5;3;0;0;0,15;9;3;3;0;0;0,16;8;8;3;0;0;0
parts=15;13;7;3;0;0;0,20;13;7;3;0;0;0,15;15;9;3;0;0;0,21;15;5;3;0;0;0
parts=15;16;5;3;0;0;0,17;16;5;3;0;0;0,19;16;5;3;0;0;0,21;16;5;3;0;0;0
parts=17;12;4;3;0;0;0,17;13;5;3;0;0;0,19;13;5;3;0;0;0,20;22;3;1;0;0;0
parts=16;7;9;3;0;0;0,13;9;7;3;0;0;0,23;9;5;3;0;0;0,20;8;4;3;0;0;0
parts=14;8;7;3;0;0;0,15;7;5;3;0;0;0,13;11;5;3;0;0;0,23;11;5;3;0;0;0
parts=5;14;6;1;off;1;switch2,33;9;10;1;None;0;0,35;7;5;1;0;0;0
parts=35;8;5;1;0;0;0,35;9;5;1;0;0;0,35;5;5;1;0;0;0,35;4;5;1;0;0;0
parts=35;3;5;1;0;0;0,35;2;5;1;0;0;0,30;9;6;3;off;1;switch4,34;6;11;3;off;1;0
parts=4;21;12;1;WALK_R;1;0,34;18;11;1;off;1;switch1,1;11;13;1;off;1;switch2
parts=1;12;5;1;0;0;0,35;19;5;1;0;0;0


