[info]
title=Default World
par=0
hint=

[playfield]

spacing=15,18
scale=1

[background]
backdrop=sky
decals=
bgdecals=

[partslist]
types=brick_06,brick_03,brick_08,brick_04,brick_02,brick_01,minifig
colors=white,red,green,blue,yellow,gray
parts=-35;-1;1;5;;1;,-36;-2;2;5;;1;,-32;-2;2;5;;1;,-28;-1;3;6;;1;,-52;-5;3;4;;1;,-47;-6;4;5;;1;,-54;-22;3;6;;1;,-60;-23;3;6;;1;,-40;-4;1;1;;1;,-28;-2;1;6;;1;,-37;-5;2;1;;1;,-40;-6;1;1;;1;,-59;-24;4;6;;1;,-32;-3;1;6;;1;,-28;-5;5;6;;1;,-45;-7;3;5;;1;,-41;-14;2;4;;1;,-22;-2;5;6;;1;,-15;-1;6;6;;1;,-41;-15;4;1;;1;,-22;-3;2;6;;1;,-51;-23;3;6;;1;,-37;-7;4;2;;1;,-29;-6;5;6;;1;,-30;-7;5;6;;1;,-35;-8;3;2;;1;,-15;-2;6;6;;1;,-24;-5;2;4;;1;,-21;-4;4;2;;1;,-22;-6;5;6;;1;,-15;-3;6;6;;1;,-15;-4;6;6;;1;,-15;-5;6;6;;1;,-14;-1;6;6;;1;,-13;-1;6;6;;1;,-12;-1;6;6;;1;,-14;-4;6;6;;1;,-14;-5;6;6;;1;,-12;-2;6;6;;1;,-11;0;4;4;;1;,-23;-7;5;6;;1;,-42;-16;3;5;;1;,-10;-1;6;6;;1;,-63;-25;3;5;;1;,-64;-26;3;5;;1;,-9;-1;6;6;;1;,-8;-1;6;6;;1;,-13;-4;6;6;;1;,-12;-3;6;6;;1;,-13;-5;6;6;;1;,-12;-4;6;6;;1;,-7;0;3;5;;1;,-11;-2;4;4;;1;,-7;-1;6;6;;1;,-12;-5;6;6;;1;,-19;-6;3;6;;1;,-10;-3;6;6;;1;,-9;-3;6;6;;1;,-19;-7;1;6;;1;,-23;-8;1;6;;1;,-29;-10;3;6;;1;,-8;-3;6;6;;1;,-7;-3;6;6;;1;,-5;-1;4;4;;1;,-3;-2;4;4;;1;,-29;-11;1;6;;1;,-8;-4;4;4;;1;,-33;-12;1;6;;1;,-29;-14;5;6;;1;,-13;-7;5;6;;1;,-4;-3;4;4;;1;,1;-1;2;6;;1;,1;-2;2;6;;1;,4;-1;4;6;;1;,4;-2;4;6;;1;,9;0;4;6;;1;,-30;-15;5;6;;1;,-31;-16;5;6;;1;,-37;-17;3;1;;1;,-23;-11;5;6;;1;,-23;-12;2;6;;1;,8;-1;2;6;;1;,13;0;2;6;;1;,16;0;2;6;;1;,1;-3;4;5;;1;,8;-2;2;6;;1;,11;-1;3;6;;1;,19;0;1;6;;1;,-35;-18;5;1;;1;,11;-2;4;6;;1;,-19;-10;5;6;;1;,-27;-14;1;1;;1;,-11;-5;4;4;;1;,-23;-15;5;6;;1;,-20;-11;5;6;;1;,-35;-19;4;5;;1;,-35;-20;3;5;;1;,-37;-21;2;5;;1;,-2;-4;4;5;;1;,-20;-12;5;6;;1;,19;-1;2;6;;1;,15;-2;1;6;;1;,-10;-6;3;6;;1;,-9;-7;5;1;;1;,22;-1;5;6;;1;,-12;-8;4;5;;1;,-14;-9;4;4;;1;,-8;-8;4;4;;1;,3;-4;4;5;;1;,25;0;5;6;;1;,9;-3;3;6;;1;,24;-1;5;6;;1;,0;-5;4;4;;1;,6;-5;4;5;;1;,-16;-10;4;4;;1;,27;0;2;6;;1;,-42;-22;3;6;;1;,-43;-23;4;6;;1;,3;-6;4;4;;1;,-18;-11;1;4;;1;,11;-4;2;6;;1;,-4;-10;5;3;;1;,-1;-9;6;2;;1;,0;-7;4;4;;1;,-2;-10;4;5;;1;,-24;-16;5;6;;1;,3;-8;4;4;;1;,-3;-11;5;6;;1;,-4;-12;5;6;;1;,-33;-21;3;1;;1;,26;-1;2;6;;1;,-16;-15;3;4;;1;,5;-10;5;6;;1;,8;-7;5;6;;1;,11;-5;3;6;;1;,11;-6;4;5;;1;,-5;-13;5;6;;1;,-6;-14;5;6;;1;,-47;-24;3;6;;1;,26;-2;4;6;;1;,-16;-16;1;6;;1;,-20;-17;1;4;;1;,-40;-26;2;4;;1;,30;0;4;6;;1;,30;-1;2;6;;1;,34;0;5;6;;1;,4;-11;5;6;;1;,3;-12;5;6;;1;,19;-5;5;6;;1;,6;-11;2;4;;1;,23;-3;4;6;;1;,23;-4;5;6;;1;,15;-7;5;6;;1;,14;-8;5;6;;1;,13;-9;5;6;;1;,36;0;3;6;;1;,-10;-16;5;6;;1;,-7;-15;5;6;;1;,27;-3;5;6;;1;,-19;-18;6;1;;1;,30;-2;5;6;;1;,32;-2;2;6;;1;,-8;-16;5;6;;1;,-16;-19;5;6;;1;,22;-7;5;6;;1;,40;-1;4;6;;1;,35;-2;1;6;;1;,-10;-17;2;6;;1;,-31;-22;4;4;;1;,2;-13;5;6;;1;,1;-14;5;6;;1;,-7;-17;5;1;;1;,-10;-18;4;3;;1;,21;-8;5;6;;1;,28;-4;1;6;;1;,12;-10;5;6;;1;,-17;-20;5;6;;1;,8;-12;5;4;;1;,0;-15;5;6;;1;,20;-9;5;6;;1;,34;-3;5;6;;1;,44;0;1;6;;1;,50;0;2;6;;1;,31;-5;2;6;;1;,11;-11;5;6;;1;,10;-12;5;6;;1;,-18;-21;5;6;;1;,29;-7;5;6;;1;,44;-1;3;6;;1;,-18;-22;6;1;;1;,36;-3;3;6;;1;,46;-2;5;6;;1;,19;-10;5;6;;1;,18;-11;5;6;;1;,9;-13;5;6;;1;,34;-4;1;6;;1;,-39;-27;3;4;;1;,53;0;5;6;;1;,34;-5;6;3;;1;,35;-5;6;3;;1;,48;-2;4;6;;1;,-1;-16;5;6;;1;,35;-6;6;3;;1;,8;-14;5;6;;1;,30;-8;5;6;;1;,44;-3;1;6;;1;,-21;-23;4;3;;1;,-15;-20;4;1;;1;,36;-5;6;3;;1;,7;-15;5;6;;1;,6;-16;5;6;;1;,37;-6;6;3;;1;,17;-12;5;6;;1;,38;-5;6;3;;1;,31;-9;5;6;;1;,-10;-20;5;6;;1;,52;-1;2;6;;1;,40;-4;1;6;;1;,39;-5;2;6;;1;,16;-13;5;6;;1;,-40;-28;4;4;;1;,-16;-23;4;1;;1;,-38;-29;4;5;;1;,32;-10;5;6;;1;,55;0;1;6;;1;,-22;-24;3;2;;1;,52;-2;5;6;;1;,55;-1;5;6;;1;,15;-14;5;6;;1;,-23;-25;4;3;;1;,14;-15;5;6;;1;,36;-7;5;6;;1;,4;-17;2;1;;1;,20;-13;4;2;;1;,21;-14;4;4;;1;,-11;-21;5;6;;1;,57;-1;4;6;;1;,-24;-26;3;2;;1;,13;-16;5;6;;1;,-25;-27;4;5;;1;,61;0;5;6;;1;,50;-3;2;6;;1;,54;-2;1;6;;1;,6;-18;5;1;;1;,46;-4;3;6;;1;,39;-6;6;3;;1;,42;-5;1;6;;1;,54;-4;4;6;;1;,58;-3;2;6;;1;,28;-12;4;3;;1;,26;-13;4;2;;1;,40;-6;2;3;;1;,63;0;5;6;;1;,33;-11;5;6;;1;,65;0;2;6;;1;,-11;-22;5;1;;1;,54;-5;4;6;;1;,34;-12;5;6;;1;,-4;-21;3;3;;1;,68;0;1;6;;1;,37;-8;5;6;;1;,-6;-22;4;3;;1;,21;-15;1;6;;1;,38;-9;5;6;;1;,39;-10;5;6;;1;,13;-17;5;3;;1;,43;-7;6;3;;1;,13;-18;5;5;;1;,61;-1;3;6;;1;,63;-2;5;6;;1;,65;-2;5;6;;1;,58;-4;4;6;;1;,58;-5;2;6;;1;,62;-4;2;6;;1;,67;-2;5;6;;1;,69;-1;2;6;;1;,69;-2;4;6;;1;,65;-3;3;6;;1;,27;-14;4;3;;1;,12;-19;2;2;;1;,43;-8;5;3;;1;,9;-20;4;3;;1;,43;-9;5;3;;1;,-29;-28;3;5;;1;,8;-21;1;2;;1;,74;0;4;6;;1;,35;-13;5;6;;1;,-19;-27;4;2;;1;,40;-11;5;6;;1;,42;-10;5;3;;1;,78;0;3;6;;1;,86;0;5;6;;1;,41;-12;5;6;;1;,43;-11;5;3;;1;,-8;-23;4;1;;1;,-5;-24;2;1;;1;,43;-12;5;3;;1;,27;-15;1;6;;1;,36;-14;5;6;;1;,37;-15;5;6;;1;,38;-16;5;6;;1;,73;-2;4;6;;1;,42;-13;5;6;;1;,44;-13;6;3;;1;,43;-14;5;6;;1;,44;-15;5;6;;1;,1;-22;3;1;;1;,67;-4;1;6;;1;,66;-5;1;6;;1;,68;-6;5;3;;1;,25;-19;1;6;;1;,46;-14;6;3;;1;,39;-17;4;6;;1;,-3;-25;6;1;;1;,3;-23;4;4;;1;,65;-8;5;3;;1;,46;-15;6;3;;1;,-33;-29;3;5;;1;,88;0;5;6;;1;,-36;-30;3;4;;1;,-3;-26;6;2;;1;,12;-22;1;3;;1;,4;-25;6;1;;1;,25;-21;4;4;;1;,48;-12;6;3;;1;,5;-24;6;1;;1;,77;-2;4;6;;1;,73;-3;1;6;;1;,48;-13;6;3;;1;,-18;-28;3;1;;1;,40;-18;5;6;;1;,60;-10;5;6;;1;,29;-20;3;5;;1;,67;-7;5;3;;1;,60;-11;5;3;;1;,81;-1;3;6;;1;,-6;-29;2;1;;1;,64;-9;5;3;;1;,67;-8;5;3;;1;,41;-19;5;6;;1;,4;-26;6;2;;1;,59;-12;5;3;;1;,-3;-27;3;1;;1;,11;-23;5;1;;1;,70;-6;5;3;;1;,16;-23;1;5;;1;,48;-14;6;3;;1;,73;-4;1;6;;1;,45;-16;5;6;;1;,-7;-30;5;6;;1;,81;-2;5;6;;1;,-8;-31;5;6;;1;,79;-3;2;6;;1;,46;-17;5;6;;1;,1;-28;6;1;;1;,20;-24;3;3;;1;,64;-10;5;3;;1;,64;-11;5;3;;1;,90;0;5;6;;1;,11;-27;3;6;;1;,92;0;2;6;;1;,48;-15;6;3;;1;,48;-16;5;3;;1;,-9;-32;4;2;;1;,66;-9;5;3;;1;,89;-1;4;6;;1;,95;0;2;6;;1;,-8;-33;4;2;;1;,83;-2;3;6;;1;,82;-3;1;6;;1;,-4;-30;4;2;;1;,71;-7;5;3;;1;,54;-15;5;3;;1;,48;-17;5;3;;1;,60;-13;5;3;;1;,65;-12;6;3;;1;,-6;-34;6;1;;1;,31;-21;3;5;;1;,-8;-37;3;1;;1;,79;-4;3;6;;1;,93;-1;4;6;;1;,98;0;1;6;;1;,28;-22;4;5;;1;,78;-5;5;6;;1;,37;-22;6;6;;1;,42;-20;5;6;;1;,41;-21;7;2;walk_r;142771;,10;-32;2;5;;1;,74;-6;1;5;;1;,55;-16;5;3;;1;,12;-33;5;4;;1;,-9;-38;4;4;;1;,59;-14;5;3;;1;,58;-15;5;3;;1;,47;-18;5;6;;1;,5;-34;3;6;;1;,80;-5;5;1;;1;,104;0;1;6;;1;,43;-21;5;6;;1;,49;-18;6;3;;1;,5;-35;1;6;;1;,1;-36;1;6;;1;,-3;-38;2;1;;1;,71;-8;5;3;;1;,74;-7;2;5;;1;,48;-19;5;6;;1;,-3;-39;4;1;;1;,57;-16;5;3;;1;,60;-15;5;3;;1;,5;-38;5;6;;1;,56;-17;5;3;;1;,55;-18;5;3;;1;,67;-11;5;3;;1;,-15;-41;3;1;;1;,66;-12;5;3;;1;,61;-16;5;3;;1;,77;-7;2;5;;1;,66;-13;5;3;;1;,-1;-40;2;6;;1;,44;-22;5;6;;1;,-16;-42;4;4;;1;,72;-9;5;3;;1;,45;-23;5;6;;1;,4;-39;5;6;;1;,69;-11;6;3;;1;,49;-20;5;6;;1;,3;-40;5;6;;1;,11;-35;5;6;;1;,51;-20;6;3;;1;,50;-21;5;6;;1;,65;-14;5;3;;1;,-10;-42;2;1;;1;,69;-12;5;3;;1;,-10;-43;4;1;;1;,74;-8;1;5;;1;,64;-15;5;3;;1;,74;-9;2;5;;1;,71;-10;1;5;;1;,71;-11;2;5;;1;,80;-7;5;1;;1;,1;-42;3;1;;1;,91;-2;2;6;;1;,82;-6;5;1;;1;,-8;-44;2;6;;1;,56;-19;5;3;;1;,80;-8;5;1;;1;,80;-9;5;1;;1;,84;-5;5;1;;1;,88;-4;5;1;;1;,82;-7;5;1;;1;,63;-16;5;3;;1;,62;-17;5;3;;1;,61;-18;5;3;;1;,0;-43;4;4;;1;,-5;-45;3;1;;1;,65;-16;5;3;;1;,90;-3;5;1;;1;,94;-2;2;6;;1;,-6;-46;4;4;;1;,97;-1;3;6;;1;,97;-2;4;6;;1;,105;-1;4;6;;1;,51;-22;5;6;;1;,110;0;2;6;;1;,84;-6;5;1;;1;,93;-3;3;6;;1;,55;-20;5;3;;1;,0;-46;2;1;;1;,69;-13;5;3;;1;,11;-36;2;6;;1;,82;-8;5;1;;1;,0;-47;4;1;;1;,2;-48;2;6;;1;,6;-43;2;1;;1;,74;-11;2;5;;1;,71;-12;1;5;;1;,87;-5;5;1;;1;,93;-4;3;6;;1;,71;-13;2;5;;1;,86;-6;5;1;;1;,68;-14;1;5;;1;,68;-15;2;5;;1;,11;-39;5;6;;1;,10;-40;5;6;;1;,60;-19;5;3;;1;,54;-21;5;3;;1;,52;-23;5;6;;1;,82;-9;5;1;;1;,46;-24;3;5;;1;,60;-20;5;3;;1;,6;-44;4;1;;1;,50;-25;2;5;;1;,63;-18;6;3;;1;,10;-42;5;6;;1;,101;-2;3;6;;1;,55;-22;5;3;;1;,113;0;5;6;;1;,85;-7;5;1;;1;,8;-45;2;6;;1;,55;-23;6;3;;1;,84;-8;5;1;;1;,57;-22;6;3;;1;,60;-21;5;3;;1;,115;0;2;6;;1;,79;-10;4;4;;1;,101;-3;2;6;;1;,109;-1;3;6;;1;,93;-5;3;6;;1;,109;-2;4;6;;1;,104;-3;1;6;;1;,101;-4;1;6;;1;,94;-6;2;5;;1;,101;-5;5;6;;1;,113;-2;2;6;;1;,71;-15;2;5;;1;,66;-17;5;3;;1;,68;-16;1;5;;1;,118;0;4;6;;1;,80;-11;4;4;;1;,110;-3;4;6;;1;,117;-1;2;6;;1;,122;0;1;6;;1;,91;-7;1;5;;1;,19;-28;5;6;;1;,21;-29;4;6;;1;,54;-24;5;3;;1;,63;-19;5;3;;1;,68;-17;2;5;;1;,65;-18;1;5;;1;,65;-19;2;5;;1;,79;-12;4;4;;1;,94;-8;2;5;;1;,57;-23;5;3;;1;,116;-2;5;6;;1;,91;-9;1;5;;1;,104;-5;2;5;;1;,78;-13;4;4;;1;,78;-14;4;4;;1;,120;-1;3;6;;1;,128;0;1;6;;1;,105;-6;6;5;;1;,24;-30;3;3;;1;,79;-15;4;4;;1;,81;-16;4;4;;1;,118;-2;2;6;;1;,81;-17;4;4;;1;,80;-18;4;4;;1;,62;-20;1;5;;1;,62;-21;2;5;;1;,25;-31;2;1;;1;,31;-31;3;1;;1;,59;-22;1;5;;1;,59;-23;2;5;;1;,56;-24;1;5;;1;,104;-7;2;5;;1;,79;-19;4;4;;1;,78;-20;4;4;;1;,78;-21;4;4;;1;,98;-9;2;5;;1;,104;-8;1;5;;1;,53;-25;1;5;;1;,53;-26;2;5;;1;,64;-29;6;5;;1;,64;-30;5;5;;1;,78;-22;4;4;;1;,80;-23;4;4;;1;,38;-32;1;1;;1;,62;-33;6;5;;1;,114;-3;1;6;;1;,110;-4;1;6;;1;,121;-2;2;6;;1;,64;-31;6;5;;1;,82;-24;4;4;;1;,95;-10;1;5;;1;,62;-34;5;5;;1;,65;-31;6;5;;1;,64;-32;5;5;;1;,63;-35;6;5;;1;,83;-25;4;4;;1;,63;-36;6;5;;1;,65;-33;6;5;;1;,83;-26;4;4;;1;,65;-34;6;5;;1;,65;-35;5;5;;1;,107;-9;2;5;;1;,124;-2;2;6;;1;,128;-1;5;6;;1;,116;-4;5;6;;1;,120;-3;1;6;;1;,134;0;2;6;;1;,137;0;5;6;;1;,64;-36;5;5;;1;,113;-5;4;6;;1;,118;-4;4;6;;1;,130;-1;3;6;;1;,128;-2;3;6;;1;,63;-37;5;5;;1;,98;-11;2;5;;1;,64;-38;6;5;;1;,64;-39;6;5;;1;,83;-27;4;4;;1;,65;-37;6;5;;1;,84;-28;2;1;;1;,86;-29;2;1;;1;,88;-30;2;1;;1;,87;-31;2;1;;1;,89;-32;2;1;;1;,139;0;4;6;;1;,138;-1;2;6;;1;,88;-33;2;1;;1;,107;-10;2;5;;1;,95;-12;1;5;;1;,90;-34;2;1;;1;,64;-40;5;5;;1;,66;-36;6;5;;1;,89;-35;2;1;;1;,65;-41;6;5;;1;,126;-3;4;6;;1;,87;-36;3;6;;1;,62;-42;3;6;;1;,71;-40;6;5;;1;,104;-11;1;5;;1;,122;-4;3;6;;1;,117;-5;1;6;;1;,114;-6;3;3;;1;,61;-43;2;6;;1;,86;-37;2;6;;1;,64;-43;4;6;;1;,89;-37;4;6;;1;,71;-41;5;5;;1;,84;-38;1;1;;1;,85;-39;4;1;;1;,132;-3;4;6;;1;,136;-2;4;6;;1;,136;-3;2;6;;1;,116;-7;2;5;;1;,115;-14;6;5;;1;,72;-42;6;5;;1;,116;-8;2;5;;1;,117;-9;6;5;;1;,59;-44;1;1;;1;,93;-37;3;6;;1;,60;-45;4;1;;1;,68;-43;3;6;;1;,90;-38;3;1;;1;,89;-39;1;1;;1;,98;-38;4;1;;1;,87;-40;2;1;;1;,116;-10;2;5;;1;,65;-44;3;1;;1;,93;-40;5;1;;1;,64;-45;1;1;;1;,95;-39;3;1;;1;,95;-40;4;1;;1;,116;-11;5;5;;1;,117;-12;4;5;;1;,62;-46;2;1;;1;,68;-46;5;1;;1;,73;-44;4;1;;1;,70;-45;3;1;;1;,70;-46;4;1;;1;,118;-13;2;5;;1;,94;-41;2;1;;1;,69;-47;2;1;;1;,87;-49;3;6;;1;,86;-50;2;6;;1;,89;-50;4;6;;1;,84;-51;1;1;;1;,127;-11;6;5;;1;,127;-12;5;5;;1;,93;-50;3;6;;1;,85;-52;4;1;;1;,118;-14;2;5;;1;,90;-51;3;1;;1;,89;-52;1;1;;1;,87;-53;2;1;;1;,93;-53;5;1;;1;,98;-51;4;1;;1;,95;-52;3;1;;1;,132;-4;3;6;;1;,133;-5;4;6;;1;,95;-53;4;1;;1;,94;-54;2;1;;1;,113;-102;5;2;;1;,113;-103;6;2;;1;,115;-15;1;5;;1;,115;-102;2;2;;1;,113;-104;6;2;;1;,114;-103;2;5;;1;,114;-104;2;5;;1;,117;-103;6;2;;1;,113;-105;2;2;;1;,117;-104;6;2;;1;,113;-106;6;2;;1;,113;-107;6;2;;1;,116;-105;5;2;;1;,114;-106;2;5;;1;,113;-108;6;2;;1;,114;-107;5;5;;1;,114;-108;5;5;;1;,116;-107;6;2;;1;,117;-106;6;2;;1;,114;-109;6;2;;1;,111;-112;4;2;;1;,111;-113;6;2;;1;,111;-114;6;2;;1;,137;-5;5;6;;1;,130;-6;3;6;;1;,116;-108;5;2;;1;,112;-113;5;5;;1;,112;-114;5;5;;1;,115;-109;2;5;;1;,115;-110;6;2;;1;,130;-7;2;5;;1;,118;-109;5;2;;1;,131;-8;6;5;;1;,130;-9;2;5;;1;,116;-110;2;5;;1;,116;-111;6;2;;1;,114;-113;6;2;;1;,112;-115;6;2;;1;,143;0;4;6;;1;,116;-112;6;2;;1;,116;-113;6;2;;1;,119;-110;5;2;;1;,117;-111;2;5;;1;,117;-112;2;5;;1;,130;-10;1;5;;1;,133;-11;2;5;;1;,147;0;4;6;;1;,114;-114;2;2;;1;,141;-1;3;6;;1;,140;-2;3;6;;1;,117;-113;2;5;;1;,117;-114;2;5;;1;,120;-111;6;2;;1;,132;-12;2;5;;1;,128;-13;1;5;;1;,113;-115;1;5;;1;,120;-112;6;2;;1;,120;-113;6;2;;1;,113;-116;1;2;;1;,119;-115;6;2;;1;,120;-114;6;2;;1;,132;-148;5;2;;1;,132;-149;6;2;;1;,132;-150;6;2;;1;,134;-148;2;2;;1;,133;-149;2;5;;1;,133;-150;2;5;;1;,132;-151;2;2;;1;,136;-149;6;2;;1;,136;-150;6;2;;1;,132;-152;6;2;;1;,132;-153;6;2;;1;,132;-154;6;2;;1;,135;-151;5;2;;1;,133;-152;2;5;;1;,133;-153;5;5;;1;,133;-154;5;5;;1;,133;-155;6;2;;1;,130;-158;4;2;;1;,130;-159;6;2;;1;,130;-160;6;2;;1;,135;-153;6;2;;1;,149;-1;1;6;;1;,136;-152;6;2;;1;,140;-4;4;6;;1;,135;-154;5;2;;1;,134;-155;2;5;;1;,134;-156;6;2;;1;,131;-159;5;5;;1;,131;-160;5;5;;1;,131;-161;6;2;;1;,133;-159;6;2;;1;,137;-155;5;2;;1;,135;-156;2;5;;1;,148;-2;4;6;;1;,141;-5;5;6;;1;,135;-157;6;2;;1;,135;-158;6;2;;1;,144;-3;3;6;;1;,138;-156;5;2;;1;,136;-157;2;5;;1;,135;-159;6;2;;1;,144;-4;3;6;;1;,144;-5;2;6;;1;,144;-6;2;5;;1;,136;-158;2;5;;1;,144;-7;2;5;;1;,139;-157;6;2;;1;,133;-160;2;2;;1;,136;-159;2;5;;1;,136;-160;2;5;;1;,132;-161;1;5;;1;,132;-162;1;2;;1;,144;-8;2;5;;1;,139;-158;6;2;;1;,148;-5;1;6;;1;,138;-161;6;2;;1;,145;-9;6;5;;1;,144;-10;2;5;;1;,139;-159;6;2;;1;,139;-160;6;2;;1;,144;-11;5;5;;1;,144;-12;5;5;;1;,145;-13;4;5;;1;,146;-14;4;5;;1;,142;-16;5;5;;1;,147;-15;2;5;;1;,147;-16;2;5;;1;,143;-17;1;5;;1;,142;-27;5;2;;1;,142;-28;6;2;;1;,144;-27;2;2;;1;,142;-29;6;2;;1;,143;-28;2;5;;1;,143;-29;2;5;;1;,146;-28;6;2;;1;,142;-30;2;2;;1;,142;-31;6;2;;1;,142;-32;6;2;;1;,146;-29;6;2;;1;,145;-30;5;2;;1;,143;-31;2;5;;1;,142;-33;6;2;;1;,143;-32;5;5;;1;,143;-33;5;5;;1;,143;-34;6;2;;1;,145;-32;6;2;;1;,146;-31;6;2;;1;,145;-33;5;2;;1;,144;-34;2;5;;1;,140;-37;4;2;;1;,140;-38;6;2;;1;,140;-39;6;2;;1;,141;-38;5;5;;1;,144;-35;6;2;;1;,147;-34;5;2;;1;,141;-39;5;5;;1;,143;-38;6;2;;1;,145;-35;2;5;;1;,145;-36;6;2;;1;,145;-37;6;2;;1;,145;-38;6;2;;1;,148;-35;5;2;;1;,146;-36;2;5;;1;,146;-37;2;5;;1;,141;-40;6;2;;1;,143;-39;2;2;;1;,146;-38;2;5;;1;,149;-36;6;2;;1;,149;-37;6;2;;1;,146;-39;2;5;;1;,142;-40;1;5;;1;,142;-41;1;2;;1;,148;-40;6;2;;1;,145;-193;5;2;;1;,145;-194;6;2;;1;,149;-38;6;2;;1;,149;-39;6;2;;1;,147;-193;2;2;;1;,145;-195;6;2;;1;,146;-194;2;5;;1;,146;-195;2;5;;1;,145;-196;2;2;;1;,149;-194;6;2;;1;,149;-195;6;2;;1;,145;-197;6;2;;1;,145;-198;6;2;;1;,145;-199;6;2;;1;,148;-196;5;2;;1;,146;-197;2;5;;1;,146;-198;5;5;;1;,146;-199;5;5;;1;,146;-200;6;2;;1;,143;-203;4;2;;1;,143;-204;6;2;;1;,143;-205;6;2;;1;,148;-198;6;2;;1;,149;-197;6;2;;1;,148;-199;5;2;;1;,147;-200;2;5;;1;,147;-201;6;2;;1;,144;-204;5;5;;1;,144;-205;5;5;;1;,144;-206;6;2;;1;,146;-204;6;2;;1;,150;-200;5;2;;1;,148;-201;2;5;;1;,148;-202;6;2;;1;,148;-203;6;2;;1;,151;-201;5;2;;1;,149;-202;2;5;;1;,148;-204;6;2;;1;,149;-203;2;5;;1;,152;-202;6;2;;1;,146;-205;2;2;;1;,149;-204;2;5;;1;,149;-205;2;5;;1;,145;-206;1;5;;1;,145;-207;1;2;;1;,152;-203;6;2;;1;,151;-206;6;2;;1;,152;-204;6;2;;1;,152;-205;6;2;;1;

