[info]
title=New Employee Training
par=1
hint=Pick up the two green bricks in front of the trashcan and move them out of the way. 

[playfield]
size=35,22
spacing=15,18
scale=1

[background]
backdrop=bkg2
decals=369;316;arrowl,248;322;arrowur,139;321;arrowr,53;259;lite_word_level,95;259;lite_number_1,56;316;door
bgdecals=

[partslist]
types=brick_04,brick_02,minifig,brick_03,brick_01,brick_08,flag
colors=white,red,green,blue,yellow,gray
parts=1;22;1;6;;1;,1;21;2;6;;1;,5;22;1;6;;1;,3;21;1;6;;1;,9;22;1;6;;1;,1;20;1;6;;1;,7;21;1;6;;1;,3;19;3;2;walk_r;1;,5;20;1;6;;1;,1;10;1;6;;1;,2;9;2;5;;1;,2;8;2;5;;1;,2;7;2;5;;1;,2;6;2;5;;1;,2;5;2;5;;1;,2;4;2;5;;1;,13;22;1;6;;1;,11;21;1;6;;1;,5;10;1;6;;1;,9;20;1;6;;1;,17;22;1;6;;1;,5;9;4;3;;1;,6;8;5;3;;1;,6;7;5;3;;1;,6;6;5;3;;1;,9;10;1;6;;1;,9;9;2;5;;1;,15;21;1;6;;1;,21;22;1;6;;1;,5;5;2;3;;1;,13;20;1;6;;1;,13;10;1;6;;1;,19;21;1;6;;1;,17;20;1;6;;1;,18;19;5;3;;1;,9;8;2;5;;1;,12;9;4;3;;1;,25;22;1;6;;1;,23;21;1;6;;1;,9;7;2;5;;1;,9;6;2;5;;1;,9;5;2;5;;1;,12;8;5;3;;1;,14;8;5;3;;1;,14;7;5;3;;1;,29;22;1;6;;1;,17;10;1;6;;1;,21;20;1;6;;1;,27;21;1;6;;1;,17;9;2;5;;1;,21;10;1;6;;1;,14;6;5;3;;1;,25;20;1;6;;1;,9;4;2;5;;1;,17;8;2;5;;1;,21;9;5;3;;1;,13;5;4;3;;1;,28;19;5;3;;1;,2;3;6;5;;1;,1;1;1;6;;1;,5;1;1;6;;1;,17;7;2;5;;1;,17;6;2;5;;1;,28;18;5;3;;1;,21;8;5;3;;1;,17;5;2;5;;1;,22;9;5;3;;1;,23;9;5;3;;1;,33;22;4;6;;1;,25;10;1;6;;1;,21;7;5;3;;1;,23;8;5;3;;1;,31;21;1;6;;1;,17;4;2;5;;1;,29;20;1;6;;1;,35;21;5;6;;1;,10;3;6;5;;1;,9;1;1;6;;1;,13;1;1;6;;1;,21;6;5;3;;1;,25;9;2;5;;1;,33;20;4;6;;1;,23;7;5;3;;1;,32;19;7;2;;1;,23;6;5;3;;1;,29;10;1;6;;1;,21;5;4;3;;1;,25;8;2;5;;1;,25;7;2;5;;1;,28;9;4;3;;1;,29;8;5;3;;1;,25;6;2;5;;1;,33;10;4;6;;1;,32;9;2;5;;1;,25;5;2;5;;1;,29;7;5;3;;1;,25;4;2;5;;1;,32;8;2;5;;1;,29;6;5;3;;1;,32;7;2;5;;1;,18;3;6;5;;1;,17;1;1;6;;1;,21;1;1;6;;1;,28;5;2;3;;1;,32;6;2;5;;1;,32;5;2;5;;1;,32;4;2;5;;1;,26;3;6;5;;1;,25;1;1;6;;1;,29;1;1;6;;1;,33;1;4;6;;1;

