[info]
title=Title Screen
par=0
hint=Welcome to the factory! Try moving the colored bricks with the mouse before you play the game.

[playfield]
size=35,22
spacing=15,18
scale=1

[background]
backdrop=bkg2
decals=
bgdecals=

[partslist]
types=brick_08,brick_04,brick_01,brick_02,minifig,brick_06
colors=white,red,green,blue,yellow,gray
parts=1;21;1;6;;1;,9;21;1;6;;1;,17;21;1;6;;1;,25;21;1;6;;1;,26;20;2;2;;1;,26;17;2;2;;1;,26;18;3;2;;1;,26;19;3;2;;1;,29;18;3;2;;1;,29;19;3;2;;1;,27;18;4;4;;1;,27;19;4;4;;1;,14;18;4;4;;1;,13;19;4;4;;1;,15;19;4;4;;1;,14;20;4;4;;1;,20;19;2;3;;1;,20;18;2;3;;1;,21;17;4;3;;1;,16;20;4;6;;1;,12;20;4;6;;1;,8;20;4;6;;1;,20;20;4;6;;1;,22;20;4;6;;1;,4;20;5;2;walk_r;1;,1;20;4;6;;1;,1;19;4;6;;1;,1;18;4;6;;1;,1;17;4;6;;1;,1;16;4;6;;1;,1;15;4;6;;1;,1;14;4;6;;1;,1;13;4;6;;1;,1;12;4;6;;1;,1;11;4;6;;1;,1;10;4;6;;1;,1;8;4;6;;1;,1;7;4;6;;1;,1;6;4;6;;1;,1;3;4;6;;1;,31;20;4;6;;1;,31;19;4;6;;1;,31;18;4;6;;1;,31;17;4;6;;1;,31;16;4;6;;1;,31;15;4;6;;1;,31;14;4;6;;1;,31;13;4;6;;1;,31;12;4;6;;1;,31;11;4;6;;1;,31;10;4;6;;1;,31;8;4;6;;1;,31;7;4;6;;1;,31;6;4;6;;1;,31;3;4;6;;1;,31;2;4;6;;1;,31;1;4;6;;1;,1;2;4;6;;1;,1;1;4;6;;1;,1;9;1;6;;1;,9;9;1;6;;1;,17;9;1;6;;1;,25;9;1;6;;1;,14;8;6;5;;1;,13;7;4;5;;1;,19;7;4;5;;1;,14;3;4;5;;1;,18;3;4;5;;1;,1;5;4;6;;1;,1;4;1;6;;1;,9;4;1;6;;1;,17;4;1;6;;1;,31;5;4;6;;1;,25;4;1;6;;1;,11;8;3;6;;1;,11;7;3;6;;1;,11;6;3;6;;1;,11;5;3;6;;1;,11;3;3;6;;1;,11;2;3;6;;1;,11;1;3;6;;1;,22;8;3;6;;1;,22;7;3;6;;1;,22;6;3;6;;1;,22;5;3;6;;1;,22;3;3;6;;1;,22;2;3;6;;1;,22;1;3;6;;1;

