[info]
title=Caution: Fire 
par=6
hint=Use the green bricks to make bridges just like the one in the center.


[background]
backdrop=bkg1
decals=410;365;sign_fire,109;365;sign_fire,487;180;fusebox_pipes_d
decals=264;313;door,173;185;arrowld,345;187;arrowrd,34;183;fusebox_pipes_l
decals=59;107;fusebox_pipes_d,493;88;fusebox_pipes_r


[playfield]
size=35,22
spacing=15,18
scale=1


[partslist]
types=BLOCK01,BLOCK02,flag,BRICK_02,BRICK_04,BRICK_06,HAZ_SLICKFIRE
types=MINIFIG,BRICK_01
colors=GRAY,blue,YELLOW,green
parts=34;21;3;2;0;0;,1;21;3;2;0;0;,7;11;4;1;0;0;,7;10;4;1;0;0;
parts=7;9;4;1;0;0;,7;8;4;1;0;0;,7;6;4;1;0;0;,7;7;4;1;0;0;,7;5;4;1;0;0;
parts=7;4;4;1;0;0;,7;3;4;1;0;0;,7;2;4;1;0;0;,7;1;4;1;0;0;,28;11;4;1;0;0;
parts=28;10;4;1;0;0;,28;9;4;1;0;0;,28;8;4;1;0;0;,28;7;4;1;0;0;
parts=28;6;4;1;0;0;,28;5;4;1;0;0;,28;4;4;1;0;0;,28;3;4;1;0;0;
parts=28;2;4;1;0;0;,28;1;4;1;0;0;,9;1;5;1;0;0;,13;1;5;1;0;0;,24;1;5;1;0;0;
parts=20;1;5;1;0;0;,30;7;6;1;0;0;,1;7;6;1;0;0;,30;11;6;1;0;0;
parts=1;11;6;1;0;0;,30;3;6;1;0;0;,1;3;6;1;0;0;,30;22;6;1;0;0;0
parts=26;22;7;1;on;1;switch1,16;22;7;3;on;1;switch1,14;21;4;1;0;0;0
parts=15;20;6;1;0;0;0,17;19;8;4;walk_l;1;,17;1;4;1;0;0;,17;2;4;1;0;0;
parts=17;3;4;1;0;0;,17;4;4;1;0;0;,17;5;4;1;0;0;,17;6;4;1;0;0;
parts=17;7;4;1;0;0;,17;8;4;1;0;0;,15;9;6;4;0;0;,15;10;6;4;0;0;0
parts=19;1;9;1;0;0;,20;21;4;1;0;0;0,1;22;5;1;0;0;0,5;22;9;1;0;0;0
parts=6;22;7;1;on;1;,10;22;6;1;0;0;0,20;22;6;1;0;0;0,10;21;4;4;0;0;0
parts=10;20;4;4;0;0;0,24;21;4;4;0;0;0,24;20;4;4;0;0;0,15;8;4;4;0;0;0
parts=19;8;4;4;0;0;0,15;7;4;4;0;0;0,19;7;4;4;0;0;0



