[info]
title=Don't Touch the Gearbots
par=5
hint=Build another bridge like the one over the first gearbot.


[background]
backdrop=bkg3
decals=57;292;word_danger,55;320;sign_keepout,441;332;door


[playfield]
size=35,22
spacing=15,18
scale=1


[partslist]
types=BLOCK01,BLOCK02,BRICK_08,BRICK_03,BRICK_01,BRICK_06,BRICK_02
types=haz_walker,flag,MINIFIG,BRICK_04
colors=GRAY,blue
parts=1;1;3;1;0;0;,9;1;3;1;0;0;,28;1;3;1;0;0;,20;1;3;1;0;0;,17;1;4;1;0;0;
parts=17;2;4;1;0;0;,17;3;4;1;0;0;,17;4;4;1;0;0;,17;5;4;1;0;0;
parts=17;6;4;1;0;0;,17;7;4;1;0;0;,17;8;4;1;0;0;,18;9;5;1;0;0;
parts=19;9;3;1;0;0;,10;9;3;1;0;0;,10;8;5;1;0;0;,26;8;5;1;0;0;
parts=11;8;6;2;0;0;,20;8;6;2;0;0;,11;7;6;2;0;0;,20;7;6;2;0;0;
parts=9;7;7;2;0;0;,26;7;7;2;0;0;,27;8;7;2;0;0;,8;8;7;2;0;0;,27;9;7;2;0;0;
parts=8;9;7;2;0;0;,8;7;5;2;0;0;,28;7;5;2;0;0;,11;10;5;2;0;0;,13;10;5;2;0;0;
parts=15;10;5;2;0;0;,17;10;5;2;0;0;,19;10;5;2;0;0;,21;10;5;2;0;0;
parts=23;10;5;2;0;0;,25;10;5;2;0;0;,9;17;6;2;0;0;,14;18;7;2;0;0;
parts=8;18;7;2;0;0;,7;19;7;2;0;0;,6;20;7;2;0;0;,15;19;7;2;0;0;
parts=16;20;7;2;0;0;,17;21;4;1;0;0;,27;20;8;1;walk_l;1;,20;21;3;1;0;0;
parts=33;20;9;2;0;0;,28;21;3;1;0;0;,2;21;10;2;WALK_R;1;,11;20;8;1;walk_l;1;
parts=9;21;3;1;0;0;,6;21;4;1;0;0;,1;22;6;1;0;0;,7;22;6;1;0;0;
parts=13;22;6;1;0;0;,19;22;6;1;0;0;,25;22;6;1;0;0;,32;22;11;1;0;0;
parts=31;22;5;1;0;0;


