[info]
title=Internal Combustion
par=10
hint=A central column can help to support the bridge across.


[background]
backdrop=bkg3
decals=271;363;fusebox_pipes_l,230;353;computer2dial,311;354;sign_fire
decals=88;94;word_danger,86;64;sign_no_access,464;95;terminal_1dial


[playfield]
size=35,22
spacing=15,18
scale=1


[partslist]
types=BLOCK01,BLOCK02,BRICK_02,HAZ_SLICKFIRE,BRICK_03,BRICK_06
types=MINIFIG,flag,BRICK_08
colors=GRAY,blue,red,YELLOW
parts=7;8;3;1;0;0;0,7;9;3;1;0;0;0,7;10;3;1;0;0;0,7;11;3;1;0;0;0
parts=7;13;3;1;0;0;0,7;12;3;1;0;0;0,7;14;3;1;0;0;0,7;16;3;1;0;0;0
parts=7;15;3;1;0;0;0,9;22;4;1;on;1;switch1,13;22;4;1;on;1;switch1
parts=24;22;4;1;on;1;switch1,20;22;4;1;on;1;switch1,17;22;5;1;0;0;0
parts=7;17;3;1;0;0;0,7;18;3;1;0;0;0,7;19;3;1;0;0;0,7;20;3;1;0;0;0
parts=7;21;3;1;0;0;0,7;22;3;1;0;0;0,28;22;3;1;0;0;0,28;21;3;1;0;0;0
parts=28;20;3;1;0;0;0,28;19;3;1;0;0;0,28;17;3;1;0;0;0,28;16;3;1;0;0;0
parts=28;15;3;1;0;0;0,28;13;3;1;0;0;0,28;14;3;1;0;0;0,28;12;3;1;0;0;0
parts=28;11;3;1;0;0;0,28;10;3;1;0;0;0,28;9;3;1;0;0;0,28;8;3;1;0;0;0
parts=28;18;3;1;0;0;0,30;22;6;1;0;0;0,1;22;6;1;0;0;0,1;21;3;1;0;0;0
parts=1;20;3;1;0;0;0,1;19;3;1;0;0;0,1;17;3;1;0;0;0,1;18;3;1;0;0;0
parts=1;16;3;1;0;0;0,1;15;3;1;0;0;0,1;13;3;1;0;0;0,1;14;3;1;0;0;0
parts=1;12;3;1;0;0;0,1;11;3;1;0;0;0,1;10;3;1;0;0;0,1;8;3;1;0;0;0
parts=1;9;3;1;0;0;0,34;8;3;1;0;0;0,34;9;3;1;0;0;0,34;10;3;1;0;0;0
parts=34;11;3;1;0;0;0,34;12;3;1;0;0;0,34;13;3;1;0;0;0,34;14;3;1;0;0;0
parts=34;15;3;1;0;0;0,34;16;3;1;0;0;0,34;17;3;1;0;0;0,34;19;3;1;0;0;0
parts=34;18;3;1;0;0;0,34;20;3;1;0;0;0,34;21;3;1;0;0;0,4;21;3;3;0;0;0
parts=4;19;3;3;0;0;0,4;17;3;3;0;0;0,4;15;3;3;0;0;0,4;13;3;3;0;0;0
parts=4;11;3;3;0;0;0,4;9;3;3;0;0;0,4;20;3;4;0;0;0,4;18;3;4;0;0;0
parts=4;16;3;4;0;0;0,4;14;3;4;0;0;0,4;12;3;4;0;0;0,4;10;3;4;0;0;0
parts=31;21;3;4;0;0;0,31;19;3;4;0;0;0,31;17;3;4;0;0;0,31;15;3;4;0;0;0
parts=31;13;3;4;0;0;0,31;11;3;4;0;0;0,31;9;3;4;0;0;0,31;20;3;3;0;0;0
parts=31;18;3;3;0;0;0,31;16;3;3;0;0;0,31;14;3;3;0;0;0,31;12;3;3;0;0;0
parts=31;10;3;3;0;0;0,1;6;7;3;WALK_R;1;0,34;6;8;3;0;0;0,1;7;9;1;0;0;0
parts=28;7;9;1;0;0;0

