[info]
title=Jump Around
par=1
hint=Jump bricks make Junkbot jump over walls and gaps. You can't move grey jump bricks.


[background]
backdrop=bkg4
decals=425;120;arrowur,279;120;arrowur,143;120;arrowur,283;325;arrowul
decals=230;376;safetystrip_horiz,402;366;terminal_1dial,81;353;door
decals=81;295;sign_no_access


[playfield]
size=35,22
spacing=15,18
scale=1


[partslist]
types=BLOCK01,BLOCK02,BRICK_01,BRICK_08,BRICK_02,BRICK_06,haz_slickJump
types=MINIFIG,BRICK_03,flag,BRICK_04
colors=GRAY,blue,red
parts=1;18;3;1;0;0;,1;19;3;1;0;0;,1;20;3;1;0;0;,1;21;3;1;0;0;
parts=1;17;3;1;0;0;,1;15;3;1;0;0;,1;16;3;1;0;0;,1;14;3;1;0;0;
parts=1;12;3;1;0;0;,1;13;3;1;0;0;,1;11;3;1;0;0;,1;10;3;1;0;0;
parts=1;9;3;1;0;0;,1;8;3;1;0;0;,1;7;3;1;0;0;,1;5;3;1;0;0;,1;6;3;1;0;0;
parts=1;4;3;1;0;0;,1;3;3;1;0;0;,1;2;3;1;0;0;,1;1;3;1;0;0;,2;1;4;1;0;0;
parts=10;1;4;1;0;0;,18;1;4;1;0;0;,26;1;4;1;0;0;,34;1;3;1;0;0;
parts=34;2;3;1;0;0;,34;4;3;1;0;0;,34;3;3;1;0;0;,34;6;3;1;0;0;
parts=34;5;3;1;0;0;,34;7;3;1;0;0;,34;8;3;1;0;0;,34;9;3;1;0;0;
parts=34;10;3;1;0;0;,34;12;3;1;0;0;,34;11;3;1;0;0;,34;13;3;1;0;0;
parts=34;14;3;1;0;0;,34;16;3;1;0;0;,34;15;3;1;0;0;,34;17;3;1;0;0;
parts=34;18;3;1;0;0;,34;19;3;1;0;0;,34;21;3;1;0;0;,34;20;3;1;0;0;
parts=27;22;4;1;0;0;,1;22;5;1;0;0;,2;13;4;1;0;0;,18;13;4;1;0;0;
parts=20;12;3;1;0;0;,20;11;3;1;0;0;,20;10;3;1;0;0;,20;9;3;1;0;0;
parts=20;8;3;1;0;0;,10;13;4;1;0;0;,2;9;6;1;0;0;,8;9;7;1;dormant;1;
parts=2;8;8;1;WALK_R;1;,11;12;3;1;0;0;,11;11;3;1;0;0;,11;10;3;1;0;0;
parts=11;9;3;1;0;0;,17;9;7;1;dormant;1;,14;9;9;1;0;0;,29;13;5;1;0;0;
parts=30;12;3;1;0;0;,30;11;3;1;0;0;,30;10;3;1;0;0;,30;9;3;1;0;0;
parts=30;8;3;1;0;0;,30;7;3;1;0;0;,26;13;9;1;0;0;,15;8;5;3;0;0;
parts=15;7;5;3;0;0;,21;22;6;1;0;0;,19;22;7;1;dormant;1;,17;22;5;1;0;0;
parts=17;21;5;1;0;0;,17;20;5;1;0;0;,11;22;6;1;0;0;,11;17;10;3;0;0;
parts=11;18;5;1;0;0;,11;19;5;1;0;0;,13;19;5;1;0;0;,13;20;5;1;0;0;
parts=13;21;5;1;0;0;,11;20;5;1;0;0;,11;21;5;1;0;0;,3;22;4;1;0;0;
parts=27;9;7;1;dormant;1;,23;9;11;1;0;0;

