[info]
title=Move the Stairs
par=1
hint=Grab the yellow stairs by the bottom brick and try moving them all at once.


[background]
backdrop=bkg4
decals=61;214;computer_matrix,378;115;terminal_chart,443;115;terminal_circuit
decals=478;332;fusebox_pipes_d


[playfield]
size=35,22
spacing=15,18
scale=1


[partslist]
types=BLOCK01,BLOCK02,BRICK_03,BRICK_04,BRICK_02,BRICK_01,BRICK_08
types=MINIFIG,BRICK_06,flag
colors=GRAY,blue,YELLOW
parts=33;20;3;1;0;0;,29;20;4;1;0;0;,25;20;4;1;0;0;,21;20;4;1;0;0;
parts=13;20;4;1;0;0;,9;20;4;1;0;0;,5;20;4;1;0;0;,1;20;4;1;0;0;
parts=3;21;4;1;0;0;,7;21;4;1;0;0;,11;21;4;1;0;0;,15;21;4;1;0;0;
parts=23;21;4;1;0;0;,27;21;4;1;0;0;,31;21;4;1;0;0;,1;22;4;1;0;0;
parts=5;22;4;1;0;0;,9;22;4;1;0;0;,13;22;4;1;0;0;,17;22;4;1;0;0;
parts=21;22;4;1;0;0;,29;22;4;1;0;0;,33;22;3;1;0;0;,1;21;5;1;0;0;
parts=35;21;6;1;0;0;,28;14;7;1;0;0;,3;19;8;1;WALK_R;1;,20;8;7;1;0;0;
parts=17;9;3;3;0;0;,16;10;3;3;0;0;,15;11;3;3;0;0;,14;12;3;3;0;0;
parts=13;13;3;3;0;0;,25;22;4;1;0;0;,8;14;7;1;0;0;,4;14;4;1;0;0;
parts=1;14;3;1;0;0;,2;8;9;1;0;0;,1;8;6;1;0;0;,28;8;7;1;0;0;,28;2;4;1;0;0;
parts=32;2;4;1;0;0;,24;2;4;1;0;0;,20;2;4;1;0;0;,16;2;4;1;0;0;
parts=12;2;4;1;0;0;,8;2;4;1;0;0;,4;2;4;1;0;0;,1;2;3;1;0;0;,10;1;4;1;0;0;
parts=14;1;4;1;0;0;,6;1;4;1;0;0;,2;1;4;1;0;0;,18;1;4;1;0;0;,22;1;4;1;0;0;
parts=26;1;4;1;0;0;,30;1;4;1;0;0;,34;1;5;1;0;0;,1;1;6;1;0;0;,29;3;5;2;0;0;
parts=21;3;5;2;0;0;,13;3;5;2;0;0;,5;3;5;2;0;0;,17;20;4;1;0;0;
parts=19;21;4;1;0;0;,33;13;10;2;0;0;


