[info]
title=New Employee Training
par=1
hint=Pick up the two green bricks in front of the trashcan and move them out of the way. 


[background]
backdrop=bkg2
decals=369;316;arrowl,248;322;arrowur,139;321;arrowr,53;259;lite_word_level
decals=95;259;lite_number_1,56;316;door


[playfield]
size=35,22
spacing=15,18
scale=1


[partslist]
types=BLOCK01,BLOCK02,BRICK_03,BRICK_04,BRICK_02,BRICK_01,MINIFIG
types=flag,BRICK_08
colors=GRAY,blue,YELLOW,green
parts=33;20;3;1;0;0;,29;20;4;1;0;0;,25;20;4;1;0;0;,21;20;4;1;0;0;
parts=13;20;4;1;0;0;,9;20;4;1;0;0;,5;20;4;1;0;0;,1;20;4;1;0;0;
parts=3;21;4;1;0;0;,7;21;4;1;0;0;,11;21;4;1;0;0;,15;21;4;1;0;0;
parts=23;21;4;1;0;0;,27;21;4;1;0;0;,31;21;4;1;0;0;,1;22;4;1;0;0;
parts=5;22;4;1;0;0;,9;22;4;1;0;0;,13;22;4;1;0;0;,17;22;4;1;0;0;
parts=21;22;4;1;0;0;,29;22;4;1;0;0;,33;22;3;1;0;0;,1;21;5;1;0;0;
parts=35;21;6;1;0;0;,3;19;7;1;WALK_R;1;,25;22;4;1;0;0;,17;20;4;1;0;0;
parts=19;21;4;1;0;0;,32;19;8;2;0;0;,1;10;4;1;0;0;,5;10;4;1;0;0;
parts=9;10;4;1;0;0;,13;10;4;1;0;0;,17;10;4;1;0;0;,21;10;4;1;0;0;
parts=25;10;4;1;0;0;,29;10;4;1;0;0;,33;10;3;1;0;0;,2;9;5;3;0;0;
parts=2;8;5;3;0;0;,2;7;5;3;0;0;,2;6;5;3;0;0;,2;5;5;3;0;0;,9;5;5;3;0;0;
parts=9;6;5;3;0;0;,9;7;5;3;0;0;,9;8;5;3;0;0;,9;9;5;3;0;0;,17;5;5;3;0;0;
parts=17;6;5;3;0;0;,17;7;5;3;0;0;,17;8;5;3;0;0;,17;9;5;3;0;0;
parts=25;5;5;3;0;0;,25;6;5;3;0;0;,25;7;5;3;0;0;,25;8;5;3;0;0;
parts=25;9;5;3;0;0;,32;5;5;3;0;0;,32;6;5;3;0;0;,32;7;5;3;0;0;
parts=32;8;5;3;0;0;,32;9;5;3;0;0;,5;7;6;4;0;0;,5;8;6;4;0;0;,5;9;6;4;0;0;
parts=6;9;6;4;0;0;,7;9;6;4;0;0;,12;8;6;4;0;0;,13;9;6;4;0;0;,12;6;6;4;0;0;
parts=5;6;6;4;0;0;,12;9;6;4;0;0;,20;7;6;4;0;0;,20;6;6;4;0;0;,21;9;6;4;0;0;
parts=22;9;6;4;0;0;,23;9;6;4;0;0;,23;8;6;4;0;0;,28;7;6;4;0;0;
parts=28;8;6;4;0;0;,28;9;6;4;0;0;,29;9;6;4;0;0;,30;9;6;4;0;0;
parts=30;8;6;4;0;0;,30;7;6;4;0;0;,30;6;6;4;0;0;,1;1;4;1;0;0;,5;1;4;1;0;0;
parts=9;1;4;1;0;0;,13;1;4;1;0;0;,17;1;4;1;0;0;,21;1;4;1;0;0;,25;1;4;1;0;0;
parts=29;1;4;1;0;0;,33;1;3;1;0;0;,2;3;9;3;0;0;,10;3;9;3;0;0;,18;3;9;3;0;0;
parts=26;3;9;3;0;0;,2;4;5;3;0;0;,9;4;5;3;0;0;,17;4;5;3;0;0;,25;4;5;3;0;0;
parts=32;4;5;3;0;0;,20;8;6;4;0;0;,20;9;6;4;0;0;,28;19;6;4;0;0;
parts=28;18;6;4;0;0;,5;5;6;4;0;0;,14;9;6;4;0;0;,12;5;3;4;0;0;0
parts=20;5;3;4;0;0;0,12;7;3;4;0;0;0,28;5;3;4;0;0;0,23;5;6;4;0;0;0
parts=28;6;6;4;0;0;0,22;7;5;4;0;0;0,18;19;6;4;0;0;




