[info]
title=Trapped in the Freezer
par=20
hint=Before you move a clump of bricks, think about where they'll go. You may have to dig Junkbot out one brick at a time. 


[background]
backdrop=bkg1
decals=284;274;computer2dial


[playfield]
size=35,22
spacing=15,18
scale=1


[partslist]
types=BLOCK01,BLOCK02,BRICK_08,BRICK_01,BRICK_02,BRICK_03,flag
types=BRICK_06,BRICK_04,MINIFIG
colors=GRAY,blue,WHITE
parts=1;22;3;1;0;0;,9;22;3;1;0;0;,25;22;3;1;0;0;,3;20;3;1;0;0;
parts=11;20;3;1;0;0;,19;20;3;1;0;0;,27;20;3;1;0;0;,28;19;3;1;0;0;
parts=20;19;3;1;0;0;,12;19;3;1;0;0;,4;19;3;1;0;0;,1;1;3;1;0;0;
parts=9;1;3;1;0;0;,17;1;3;1;0;0;,25;1;3;1;0;0;,4;4;3;1;0;0;,27;3;3;1;0;0;
parts=19;3;3;1;0;0;,11;3;3;1;0;0;,12;4;3;1;0;0;,20;4;3;1;0;0;
parts=28;4;3;1;0;0;,35;3;4;1;0;0;,35;20;4;1;0;0;,1;20;5;1;0;0;
parts=1;19;6;1;0;0;,33;22;6;1;0;0;,33;1;6;1;0;0;,1;4;6;1;0;0;
parts=1;5;6;1;0;0;,1;6;6;1;0;0;,1;8;6;1;0;0;,1;7;6;1;0;0;,1;9;6;1;0;0;
parts=1;11;6;1;0;0;,1;12;6;1;0;0;,1;13;6;1;0;0;,1;14;6;1;0;0;
parts=1;15;6;1;0;0;,1;16;6;1;0;0;,1;17;6;1;0;0;,1;18;6;1;0;0;
parts=33;18;6;1;0;0;,33;17;6;1;0;0;,33;16;6;1;0;0;,33;15;6;1;0;0;
parts=33;14;6;1;0;0;,33;13;6;1;0;0;,33;12;6;1;0;0;,33;11;6;1;0;0;
parts=33;9;6;1;0;0;,33;8;6;1;0;0;,33;7;6;1;0;0;,33;6;6;1;0;0;
parts=33;5;6;1;0;0;,4;18;7;2;0;0;,30;18;7;2;0;0;,4;9;7;2;0;0;
parts=30;9;7;2;0;0;,1;10;8;1;0;0;,30;10;8;1;0;0;,7;16;9;2;0;0;
parts=5;11;9;2;0;0;,8;10;9;2;0;0;,7;9;9;2;0;0;,10;8;9;2;0;0;,8;7;9;2;0;0;
parts=26;17;9;2;0;0;,22;17;9;2;0;0;,24;16;9;2;0;0;,27;15;9;2;0;0;
parts=29;14;9;2;0;0;,22;15;9;2;0;0;,27;11;9;2;0;0;,25;10;9;2;0;0;
parts=24;9;9;2;0;0;,25;8;9;2;0;0;,26;7;9;2;0;0;,14;5;9;2;0;0;
parts=18;5;9;2;0;0;,24;5;9;2;0;0;,21;6;9;2;0;0;,17;6;9;2;0;0;
parts=19;7;9;2;0;0;,15;7;9;2;0;0;,17;8;9;2;0;0;,9;15;9;2;0;0;
parts=7;14;9;2;0;0;,11;14;9;2;0;0;,10;13;9;2;0;0;,21;13;9;2;0;0;
parts=15;18;10;2;WALK_R;1;,13;11;9;2;0;0;,6;6;9;2;0;0;,5;13;9;2;0;0;
parts=17;22;3;1;0;0;,3;3;3;1;0;0;,1;3;5;1;0;0;,1;21;6;1;0;0;,33;21;6;1;0;0;
parts=33;2;6;1;0;0;,1;2;6;1;0;0;,4;21;3;3;0;0;0,25;21;3;3;0;0;0
parts=12;21;8;3;0;0;0,19;21;8;3;0;0;0,18;21;4;3;0;0;0,4;2;3;3;0;0;0
parts=25;2;3;3;0;0;0,12;2;8;3;0;0;0,19;2;8;3;0;0;0,18;2;4;3;0;0;0
parts=20;18;9;2;0;0;0,26;18;9;2;0;0;0,6;18;9;2;0;0;,6;17;9;2;0;0;
parts=11;18;9;2;0;0;0,11;17;9;2;0;0;0,17;11;9;2;0;0;0,17;13;9;2;0;0;0
parts=22;12;9;2;0;0;,14;12;9;2;0;0;,18;12;9;2;0;0;0,25;14;9;2;0;0;
parts=27;13;9;2;0;0;,16;9;9;2;0;0;,18;10;9;2;0;0;0,18;15;9;2;0;0;0
parts=16;14;9;2;0;0;0

