[info]
title=Up, Up, and Away
par=15
hint=You can make a zig-zag stairway straight up from Junkbot. Add each new step just before Junkbot will climb it.


[background]
backdrop=bkg3
decals=61;136;arrowur,52;193;arrowul,56;248;arrowur,51;301;arrowul
decals=55;354;arrowur,470;366;terminal_chart,453;145;window,489;145;window


[playfield]
size=35,22
spacing=15,18
scale=1


[partslist]
types=BLOCK01,BLOCK02,BRICK_08,BRICK_03,flag,BRICK_02,HAZ_CLIMBER
types=MINIFIG
colors=GRAY,blue,WHITE
parts=1;22;3;1;0;0;,9;22;3;1;0;0;,17;22;3;1;0;0;,25;22;3;1;0;0;
parts=33;22;4;1;0;0;,1;1;3;1;0;0;,28;1;3;1;0;0;,20;1;3;1;0;0;
parts=12;1;3;1;0;0;,9;1;4;1;0;0;,7;7;5;2;0;0;,7;8;6;1;0;0;,7;9;6;1;0;0;
parts=7;10;6;1;0;0;,7;11;6;1;0;0;,7;12;6;1;0;0;,7;13;6;1;0;0;
parts=7;14;6;1;0;0;,7;15;6;1;0;0;,7;16;6;1;0;0;,9;8;6;3;0;0;,9;9;6;3;0;0;
parts=9;10;6;3;0;0;,9;11;6;3;0;0;,9;12;6;3;0;0;,9;13;6;3;0;0;
parts=9;14;6;3;0;0;,9;15;6;3;0;0;,9;16;6;3;0;0;,9;17;6;3;0;0;
parts=9;18;6;3;0;0;,9;19;6;3;0;0;,9;20;6;3;0;0;,9;21;6;3;0;0;
parts=21;21;7;1;WALK_R;1;,26;21;7;1;WALK_R;1;,11;16;6;1;0;0;,11;15;6;1;0;0;
parts=11;14;6;1;0;0;,11;13;6;1;0;0;,11;12;6;1;0;0;,11;11;6;1;0;0;
parts=11;10;6;1;0;0;,11;9;6;1;0;0;,11;8;6;1;0;0;,15;8;6;1;0;0;
parts=15;9;6;1;0;0;,15;10;6;1;0;0;,15;11;6;1;0;0;,15;12;6;1;0;0;
parts=15;13;6;1;0;0;,15;14;6;1;0;0;,15;15;6;1;0;0;,15;16;6;1;0;0;
parts=28;16;6;1;0;0;,30;16;6;1;0;0;,32;16;6;1;0;0;,34;16;6;1;0;0;
parts=3;21;8;3;WALK_R;1;



