[info]
title=What  is Project X?
par=12
hint=Use both platforms to construct the bridges.


[background]
backdrop=bkg2
decals=40;63;door,505;64;door,68;203;sign_keepout,471;200;sign_keepout


[playfield]
size=35,22
spacing=15,18
scale=1


[partslist]
types=BLOCK01,BLOCK02,BRICK_03,BRICK_02,BRICK_06,BRICK_08,MINIFIG
types=HAZ_SLICKFIRE,BRICK_04,BRICK_01,flag
colors=GRAY,blue,red,YELLOW,green
parts=17;22;3;1;0;0;0,7;22;4;1;0;0;0,28;22;4;1;0;0;0,30;22;5;1;0;0;0
parts=1;22;5;1;0;0;0,9;22;6;1;0;0;0,20;22;6;1;0;0;0,2;5;7;3;WALK_R;1;0
parts=1;6;8;1;off;1;switch1,8;6;8;1;off;1;switch1,32;6;8;1;off;1;switch1
parts=25;6;8;1;off;1;switch1,16;6;8;1;off;1;switch1,3;13;9;1;0;0;0
parts=30;13;9;1;0;0;0,4;14;4;1;0;0;0,4;15;4;1;0;0;0,4;16;4;1;0;0;0
parts=4;17;4;1;0;0;0,4;18;4;1;0;0;0,4;19;4;1;0;0;0,4;20;4;1;0;0;0
parts=4;21;4;1;0;0;0,31;14;4;1;0;0;0,31;15;4;1;0;0;0,31;17;4;1;0;0;0
parts=31;16;4;1;0;0;0,31;18;4;1;0;0;0,31;19;4;1;0;0;0,31;20;4;1;0;0;0
parts=31;21;4;1;0;0;0,9;21;3;3;0;0;0,13;21;3;3;0;0;0,10;20;4;3;0;0;0
parts=13;20;4;3;0;0;0,10;19;4;3;0;0;0,13;19;4;3;0;0;0,9;18;9;4;0;0;0
parts=13;18;3;4;0;0;0,11;16;3;4;0;0;0,21;21;3;2;0;0;0,25;21;3;2;0;0;0
parts=22;20;4;2;0;0;0,22;19;4;2;0;0;0,25;20;4;2;0;0;0,25;19;4;2;0;0;0
parts=19;17;3;2;0;0;0,27;17;3;2;0;0;0,19;18;10;2;0;0;0,19;19;10;2;0;0;0
parts=29;18;10;2;0;0;0,29;19;10;2;0;0;0,21;18;9;5;0;0;0,25;18;3;5;0;0;0
parts=24;17;3;5;0;0;0,22;17;4;5;0;0;0,12;17;3;4;0;0;0,10;17;4;4;0;0;0
parts=23;16;3;5;0;0;0,33;5;11;2;0;0;0,23;15;3;2;0;0;0,11;15;3;3;0;0;0
parts=21;16;4;5;0;0;0,26;16;4;5;0;0;0,9;16;4;4;0;0;0,14;16;4;4;0;0;0
parts=7;17;3;3;0;0;0,15;17;3;3;0;0;0,7;18;10;3;0;0;0,7;19;10;3;0;0;0
parts=17;18;10;3;0;0;0,17;19;10;3;0;0;0


